41
EU431329_Labyrinthula_sp             0.0000000 0.0407811 0.1014078 0.1057147 0.1030882 0.1033608 0.1100331 0.1158595 0.1409769 0.1363780 0.1629281 0.1602386 0.1670265 0.1553695 0.1477190 0.1539785 0.1593392 0.2021868 0.1670952 0.1692054 0.2187165 0.3013479 0.2710865 0.3042557 0.2931512 0.2827824 0.3187109 0.2998462 0.2608548 0.4995825 0.5228855 0.4994457 0.5045244 0.5180066 0.5720570 0.8891237 0.7754257 0.4778217 0.5329625 0.4695092 0.4442763 
KP996040_Labyrinthula_sp             0.0407811 0.0000000 0.1140772 0.1140772 0.1140772 0.1176247 0.1448795 0.1407373 0.2109090 0.1400796 0.2163528 0.2112239 0.2145647 0.2130636 0.2043877 0.2004315 0.2004315 0.1970479 0.2228118 0.2206016 0.3057376 0.3499482 0.3230055 0.3230055 0.3272142 0.3422591 0.3549201 0.3465504 0.4470827 0.8207259 0.8238323 0.8078482 0.7808693 0.7844807 0.8532803 0.8475825 0.8171964 0.7171870 0.9729013 0.7135827 0.6710667 
AB095092_Labyrinthula_sp             0.1014078 0.1140772 0.0000000 0.0000010 0.0000026 0.0011860 0.1240030 0.1302020 0.1428674 0.0128523 0.1714478 0.1661187 0.1714945 0.1610734 0.1487107 0.1563247 0.1624526 0.1897972 0.1796399 0.1821140 0.2046323 0.2831537 0.2613039 0.2927309 0.2721171 0.2626197 0.2953275 0.2778869 0.2576088 0.4707812 0.5025872 0.5019694 0.4763620 0.4875297 0.5624517 0.8204495 0.7285058 0.4856717 0.5316844 0.4616456 0.4530785 
MF872140_Labyrinthula_sp             0.1057147 0.1140772 0.0000010 0.0000000 0.0000026 0.0012226 0.1294868 0.1330843 0.1427147 0.0131865 0.1785594 0.1729330 0.1714945 0.1610734 0.1557669 0.1563247 0.1633696 0.1897972 0.1885403 0.1851470 0.2097983 0.2942077 0.2691282 0.2927309 0.2739840 0.2744132 0.3027545 0.2908980 0.2675927 0.4886417 0.5038503 0.5019694 0.4945458 0.4875297 0.5639742 0.8282961 0.7413505 0.4971745 0.5447418 0.4804590 0.4714670 
KU559379_Labyrinthula_sp             0.1030882 0.1140772 0.0000026 0.0000026 0.0000000 0.0012093 0.1259831 0.1288724 0.1416278 0.0132585 0.1732788 0.1678166 0.1694795 0.1610734 0.1531056 0.1571387 0.1653208 0.1897972 0.1851741 0.1857908 0.2113355 0.2969045 0.2716352 0.2927309 0.2765408 0.2769772 0.3058090 0.2937318 0.2580667 0.4772768 0.5081506 0.5027684 0.4799905 0.4851265 0.5633574 0.8382410 0.7500662 0.4834000 0.5282629 0.4845316 0.4754469 
FR875355_Labyrinthula_sp             0.1033608 0.1176247 0.0011860 0.0012226 0.0012093 0.0000000 0.1261106 0.1324011 0.1442596 0.0148958 0.1727039 0.1673545 0.1728646 0.1624266 0.1498703 0.1575557 0.1636919 0.1921500 0.1822371 0.1847870 0.2065505 0.2859386 0.2640111 0.2959203 0.2749508 0.2653342 0.2953275 0.2807987 0.2599799 0.4735646 0.5056410 0.5019694 0.4763620 0.4875297 0.5658027 0.8137334 0.7223581 0.4885360 0.5360460 0.4650894 0.4564700 
KT201567_Labyrinthula_sp             0.1100331 0.1448795 0.1240030 0.1294868 0.1259831 0.1261106 0.0000000 0.0048945 0.0840895 0.1684555 0.1337698 0.1313191 0.1372296 0.1298380 0.1608589 0.1720100 0.1809745 0.2500033 0.1521033 0.1556933 0.2503761 0.3126109 0.2912324 0.3234306 0.2970934 0.2864625 0.3233544 0.3082653 0.2823638 0.4790315 0.5106677 0.5136391 0.4959200 0.5127328 0.5872779 0.9084303 0.7766254 0.5351700 0.6233979 0.5278045 0.5187423 
MN101174_Labyrinthula_diatomea       0.1158595 0.1407373 0.1302020 0.1330843 0.1288724 0.1324011 0.0048945 0.0000000 0.0827033 0.1798096 0.1417861 0.1392104 0.1382910 0.1309035 0.1745193 0.1822200 0.1938648 0.2559639 0.1599209 0.1621367 0.2708172 0.3496461 0.3170674 0.3235428 0.3192240 0.3197713 0.3551314 0.3452891 0.2816462 0.4970136 0.5284109 0.5198696 0.5146808 0.5153606 0.6020814 0.9645230 0.8307197 0.5396360 0.6172573 0.5669084 0.5570791 
EF100254_Labyrinthula_sp             0.1409769 0.2109090 0.1428674 0.1427147 0.1416278 0.1442596 0.0840895 0.0827033 0.0000000 0.2109296 0.1701493 0.1636237 0.1620304 0.1531982 0.1673335 0.1715865 0.1854924 0.2271964 0.1877634 0.1802828 0.2297116 0.4306123 0.4025497 0.4267286 0.3885907 0.3895745 0.4533295 0.4250998 0.2891818 0.4453988 0.4515785 0.5060713 0.4837002 0.4976237 0.5193065 1.0156935 0.8530113 0.4567604 0.5427109 0.4898863 0.4684291 
AF265332_Labyrinthula_sp             0.1363780 0.1400796 0.0128523 0.0131865 0.0132585 0.0148958 0.1684555 0.1798096 0.2109296 0.0000000 0.2214111 0.2119280 0.2209986 0.2157287 0.1999718 0.2069649 0.2027938 0.2266505 0.2288201 0.2358503 0.2803614 0.2910405 0.3071334 0.3414379 0.3199125 0.3042744 0.3062668 0.3233564 0.4514814 0.7940862 0.8215643 0.8262153 0.7483688 0.7472786 0.9021583 0.9026165 0.8166471 0.6530984 0.8654958 0.6002661 0.5874201 
AB290455_Labyrinthula_sp             0.1629281 0.2163528 0.1714478 0.1785594 0.1732788 0.1727039 0.1337698 0.1417861 0.1701493 0.2214111 0.0000000 0.0023918 0.0026046 0.0026671 0.1847219 0.1919819 0.2006755 0.2494139 0.2113948 0.2120160 0.2975859 0.4036488 0.3697828 0.4004645 0.3799724 0.3735898 0.4197773 0.3848526 0.3802054 0.5556896 0.5837026 0.6001881 0.5552062 0.5816673 0.5759598 0.9429107 0.8291703 0.5883296 0.6280912 0.5349542 0.5249031 
This_study_Labyrinthula_merlionensis 0.1602386 0.2112239 0.1661187 0.1729330 0.1678166 0.1673545 0.1313191 0.1392104 0.1636237 0.2119280 0.0023918 0.0000000 0.0000010 0.0000010 0.1817750 0.1888515 0.1974979 0.2494139 0.2052870 0.2057744 0.2918321 0.3927553 0.3587581 0.3918764 0.3686140 0.3587499 0.4068483 0.3693111 0.3727048 0.5482660 0.5756990 0.5918446 0.5477981 0.5735026 0.5679749 0.9348050 0.8149737 0.5847658 0.6227635 0.5308872 0.5208942 
MF872126_Labyrinthula_sp             0.1670265 0.2145647 0.1714945 0.1714945 0.1694795 0.1728646 0.1372296 0.1382910 0.1620304 0.2209986 0.0026046 0.0000010 0.0000000 0.0000010 0.1888254 0.1864641 0.1845328 0.2508485 0.2138402 0.2085968 0.3041238 0.4234089 0.3828167 0.4000466 0.3871558 0.3879011 0.4346864 0.4007740 0.3903606 0.5719850 0.5733349 0.5722159 0.5637732 0.5600503 0.5622716 0.9736568 0.8494596 0.6032133 0.6422911 0.5604292 0.5493976 
MF872125_Labyrinthula_sp             0.1553695 0.2130636 0.1610734 0.1610734 0.1610734 0.1624266 0.1298380 0.1309035 0.1531982 0.2157287 0.0026671 0.0000010 0.0000010 0.0000000 0.1840892 0.1817191 0.1817191 0.2577804 0.2080245 0.2052902 0.2945699 0.4174193 0.3771914 0.3945473 0.3816523 0.3824013 0.4296521 0.3953386 0.3649611 0.5422183 0.5435268 0.5457491 0.5308466 0.5272506 0.5280607 0.9209964 0.7991037 0.5757702 0.6159135 0.5510401 0.5398844 
FR875359_Labyrinthula_sp             0.1477190 0.2043877 0.1487107 0.1557669 0.1531056 0.1498703 0.1608589 0.1745193 0.1673335 0.1999718 0.1847219 0.1817750 0.1888254 0.1840892 0.0000000 0.0006165 0.0062217 0.0154588 0.1043191 0.1087232 0.2495173 0.3441266 0.3414361 0.3859984 0.3321270 0.3204121 0.3611561 0.3376042 0.2821753 0.4904105 0.5037411 0.5228957 0.4997416 0.5095360 0.5708113 0.9152444 0.7988570 0.5290035 0.5676698 0.4821032 0.4807350 
MF872145_Labyrinthula_sp             0.1539785 0.2004315 0.1563247 0.1563247 0.1571387 0.1575557 0.1720100 0.1822200 0.1715865 0.2069649 0.1919819 0.1888515 0.1864641 0.1817191 0.0006165 0.0000000 0.0018599 0.0153704 0.1097653 0.1113199 0.2553710 0.3570536 0.3519799 0.3841928 0.3336740 0.3342331 0.3698889 0.3529199 0.2954617 0.5160612 0.5068777 0.5234753 0.5243547 0.5083895 0.5782681 0.9258129 0.8140196 0.5464154 0.5917233 0.5076561 0.5062607 
AB290457_Labyrinthula_sp             0.1593392 0.2004315 0.1624526 0.1633696 0.1653208 0.1636919 0.1809745 0.1938648 0.1854924 0.2027938 0.2006755 0.1974979 0.1845328 0.1817191 0.0062217 0.0018599 0.0000000 0.0153704 0.1163123 0.1179036 0.2506672 0.3489010 0.3436455 0.3841928 0.3310213 0.3264668 0.3645884 0.3443679 0.3116736 0.5265743 0.5065215 0.5285392 0.5348891 0.5032978 0.5922522 0.9237889 0.8134372 0.5653325 0.6106067 0.4973118 0.4959306 
KP996186_Labyrinthula_sp             0.2021868 0.1970479 0.1897972 0.1897972 0.1897972 0.1921500 0.2500033 0.2559639 0.2271964 0.2266505 0.2494139 0.2494139 0.2508485 0.2577804 0.0154588 0.0153704 0.0153704 0.0000000 0.1393368 0.1327716 0.3350801 0.3714084 0.3656198 0.3663162 0.3500769 0.3662008 0.3796467 0.3688570 0.4781376 0.8174068 0.8089054 0.8608421 0.8347802 0.8324502 0.8695084 0.9062544 0.8931541 0.7292712 0.9763472 0.6942624 0.6921951 
AB246794_Labyrinthula_sp             0.1670952 0.2228118 0.1796399 0.1885403 0.1851741 0.1822371 0.1521033 0.1599209 0.1877634 0.2288201 0.2113948 0.2052870 0.2138402 0.2080245 0.1043191 0.1097653 0.1163123 0.1393368 0.0000000 0.0107662 0.2262571 0.3355019 0.3093987 0.3456061 0.3158715 0.3044629 0.3441669 0.3184224 0.2652903 0.4543239 0.4808430 0.4855286 0.4876893 0.4933770 0.5283290 0.8451846 0.7325377 0.5135836 0.5558820 0.4682065 0.4525552 
AB290459_Labyrinthula_sp             0.1692054 0.2206016 0.1821140 0.1851470 0.1857908 0.1847870 0.1556933 0.1621367 0.1802828 0.2358503 0.2120160 0.2057744 0.2085968 0.2052902 0.1087232 0.1113199 0.1179036 0.1327716 0.0107662 0.0000000 0.2269593 0.3323324 0.3098847 0.3439216 0.3082898 0.3027276 0.3386365 0.3167508 0.2688187 0.4600581 0.4728712 0.4931119 0.5021749 0.4864084 0.5232984 0.8678963 0.7595932 0.5092525 0.5638366 0.4803596 0.4642437 
EF100308_Labyrinthula_sp             0.2187165 0.3057376 0.2046323 0.2097983 0.2113355 0.2065505 0.2503761 0.2708172 0.2297116 0.2803614 0.2975859 0.2918321 0.3041238 0.2945699 0.2495173 0.2553710 0.2506672 0.3350801 0.2262571 0.2269593 0.0000000 0.2270905 0.2148468 0.2278161 0.2097579 0.2049727 0.2292472 0.2160968 0.0014289 0.4900901 0.5044732 0.5474772 0.5161470 0.5156556 0.6010951 0.8157549 0.6946557 0.3947089 0.4066409 0.3546365 0.3355427 
AF265330_Labyrinthula_sp             0.3013479 0.3499482 0.2831537 0.2942077 0.2969045 0.2859386 0.3126109 0.3496461 0.4306123 0.2910405 0.4036488 0.3927553 0.4234089 0.4174193 0.3441266 0.3570536 0.3489010 0.3714084 0.3355019 0.3323324 0.2270905 0.0000000 0.0210191 0.0201618 0.0123591 0.0154739 0.0094328 0.0195422 0.3130606 0.7405504 0.7341012 0.7696851 0.7328933 0.7262782 0.8416871 0.8723157 0.7632952 0.6114105 0.8991978 0.5618180 0.5291796 
GQ499191_Labyrinthula_sp             0.2710865 0.3230055 0.2613039 0.2691282 0.2716352 0.2640111 0.2912324 0.3170674 0.4025497 0.3071334 0.3697828 0.3587581 0.3828167 0.3771914 0.3414361 0.3519799 0.3436455 0.3656198 0.3093987 0.3098847 0.2148468 0.0210191 0.0000000 0.0000010 0.0112176 0.0102477 0.0127734 0.0115875 0.2844141 0.7505163 0.7390913 0.7455424 0.7393451 0.7294221 0.8360572 0.8512070 0.7717431 0.5673776 0.8188642 0.5145035 0.4830416 
KP996014_Labyrinthula_terrestris     0.3042557 0.3230055 0.2927309 0.2927309 0.2927309 0.2959203 0.3234306 0.3235428 0.4267286 0.3414379 0.4004645 0.3918764 0.4000466 0.3945473 0.3859984 0.3841928 0.3841928 0.3663162 0.3456061 0.3439216 0.2278161 0.0201618 0.0000010 0.0000000 0.0096590 0.0098998 0.0111826 0.0101100 0.3060669 0.7605162 0.7456861 0.7446455 0.7483852 0.7518191 0.8336181 0.8129745 0.7835624 0.5956723 0.8872511 0.5804627 0.5433245 
GQ499189_Labyrinthula_terrestris     0.2931512 0.3272142 0.2721171 0.2739840 0.2765408 0.2749508 0.2970934 0.3192240 0.3885907 0.3199125 0.3799724 0.3686140 0.3871558 0.3816523 0.3321270 0.3336740 0.3310213 0.3500769 0.3158715 0.3082898 0.2097579 0.0123591 0.0112176 0.0096590 0.0000000 0.0009991 0.0030949 0.0020521 0.2725749 0.7004595 0.6919159 0.7206427 0.6989355 0.6908228 0.8147323 0.8165057 0.7304789 0.5929443 0.8667321 0.5550609 0.5211875 
CL603046_Labyrinthula_terrestris     0.2827824 0.3422591 0.2626197 0.2744132 0.2769772 0.2653342 0.2864625 0.3197713 0.3895745 0.3042744 0.3735898 0.3587499 0.3879011 0.3824013 0.3204121 0.3342331 0.3264668 0.3662008 0.3044629 0.3027276 0.2049727 0.0154739 0.0102477 0.0098998 0.0009991 0.0000000 0.0020564 0.0020388 0.2537621 0.7043255 0.7017219 0.7222520 0.7028148 0.6993430 0.8243546 0.8877417 0.7324607 0.5941516 0.7866038 0.5336693 0.5013239 
CL603054_Labyrinthula_terrestris     0.3187109 0.3549201 0.2953275 0.3027545 0.3058090 0.2953275 0.3233544 0.3551314 0.4533295 0.3062668 0.4197773 0.4068483 0.4346864 0.4296521 0.3611561 0.3698889 0.3645884 0.3796467 0.3441669 0.3386365 0.2292472 0.0094328 0.0127734 0.0111826 0.0030949 0.0020564 0.0000000 0.0021273 0.3140786 0.7824135 0.7607031 0.7951291 0.7806096 0.7617083 0.9010324 0.8648275 0.7889426 0.6543668 0.9841484 0.5985227 0.5611285 
CL603049_Labyrinthula_terrestris     0.2998462 0.3465504 0.2778869 0.2908980 0.2937318 0.2807987 0.3082653 0.3452891 0.4250998 0.3233564 0.3848526 0.3693111 0.4007740 0.3953386 0.3376042 0.3529199 0.3443679 0.3688570 0.3184224 0.3167508 0.2160968 0.0195422 0.0115875 0.0101100 0.0020521 0.0020388 0.0021273 0.0000000 0.2818007 0.7147403 0.7106799 0.7339420 0.7062366 0.7028367 0.8244388 0.8705925 0.7297636 0.6137288 0.8555249 0.5501676 0.5161447 
EF100369_Labyrinthula_sp             0.2608548 0.4470827 0.2576088 0.2675927 0.2580667 0.2599799 0.2823638 0.2816462 0.2891818 0.4514814 0.3802054 0.3727048 0.3903606 0.3649611 0.2821753 0.2954617 0.3116736 0.4781376 0.2652903 0.2688187 0.0014289 0.3130606 0.2844141 0.3060669 0.2725749 0.2537621 0.3140786 0.2818007 0.0000000 0.4391022 0.4666032 0.5202161 0.4758367 0.4982400 0.5767171 1.2947021 0.9817935 0.3869050 0.4025098 0.4263883 0.4027623 
KU559375_Labyrinthula_zosterae       0.4995825 0.8207259 0.4707812 0.4886417 0.4772768 0.4735646 0.4790315 0.4970136 0.4453988 0.7940862 0.5556896 0.5482660 0.5719850 0.5422183 0.4904105 0.5160612 0.5265743 0.8174068 0.4543239 0.4600581 0.4900901 0.7405504 0.7505163 0.7605162 0.7004595 0.7043255 0.7824135 0.7147403 0.4391022 0.0000000 0.0116731 0.0536618 0.0565837 0.0591665 0.1158514 0.1002774 0.0696654 0.7931061 0.7160311 0.7748906 0.7569548 
KU559374_Labyrinthula_zosterae       0.5228855 0.8238323 0.5025872 0.5038503 0.5081506 0.5056410 0.5106677 0.5284109 0.4515785 0.8215643 0.5837026 0.5756990 0.5733349 0.5435268 0.5037411 0.5068777 0.5065215 0.8089054 0.4808430 0.4728712 0.5044732 0.7341012 0.7390913 0.7456861 0.6919159 0.7017219 0.7607031 0.7106799 0.4666032 0.0116731 0.0000000 0.0553741 0.0608922 0.0611235 0.1207137 0.0966136 0.0674563 0.8060397 0.7523996 0.7834040 0.7589359 
MF872127_Labyrinthula_zosterae       0.4994457 0.8078482 0.5019694 0.5019694 0.5027684 0.5019694 0.5136391 0.5198696 0.5060713 0.8262153 0.6001881 0.5918446 0.5722159 0.5457491 0.5228957 0.5234753 0.5285392 0.8608421 0.4855286 0.4931119 0.5474772 0.7696851 0.7455424 0.7446455 0.7206427 0.7222520 0.7951291 0.7339420 0.5202161 0.0536618 0.0553741 0.0000000 0.0749856 0.0737686 0.1478385 0.1124367 0.0787055 0.8170601 0.7771046 0.7784258 0.7597663 
FR875308_Labyrinthula_zosterae       0.5045244 0.7808693 0.4763620 0.4945458 0.4799905 0.4763620 0.4959200 0.5146808 0.4837002 0.7483688 0.5552062 0.5477981 0.5637732 0.5308466 0.4997416 0.5243547 0.5348891 0.8347802 0.4876893 0.5021749 0.5161470 0.7328933 0.7393451 0.7483852 0.6989355 0.7028148 0.7806096 0.7062366 0.4758367 0.0565837 0.0608922 0.0749856 0.0000000 0.0006395 0.1356499 0.0281116 0.0089306 0.8315648 0.7248430 0.8234931 0.7931463 
PP496743_Labyrinthula_zosterae       0.5180066 0.7844807 0.4875297 0.4875297 0.4851265 0.4875297 0.5127328 0.5153606 0.4976237 0.7472786 0.5816673 0.5735026 0.5600503 0.5272506 0.5095360 0.5083895 0.5032978 0.8324502 0.4933770 0.4864084 0.5156556 0.7262782 0.7294221 0.7518191 0.6908228 0.6993430 0.7617083 0.7028367 0.4982400 0.0591665 0.0611235 0.0737686 0.0006395 0.0000000 0.1351619 0.0284770 0.0094180 0.8356991 0.7521615 0.8196867 0.7882160 
OR356117_Labyrinthula_sp             0.5720570 0.8532803 0.5624517 0.5639742 0.5633574 0.5658027 0.5872779 0.6020814 0.5193065 0.9021583 0.5759598 0.5679749 0.5622716 0.5280607 0.5708113 0.5782681 0.5922522 0.8695084 0.5283290 0.5232984 0.6010951 0.8416871 0.8360572 0.8336181 0.8147323 0.8243546 0.9010324 0.8244388 0.5767171 0.1158514 0.1207137 0.1478385 0.1356499 0.1351619 0.0000000 0.2103411 0.1635371 0.8382982 0.7928141 0.8550575 0.8347371 
AF265334_Labyrinthula_zosterae       0.8891237 0.8475825 0.8204495 0.8282961 0.8382410 0.8137334 0.9084303 0.9645230 1.0156935 0.9026165 0.9429107 0.9348050 0.9736568 0.9209964 0.9152444 0.9258129 0.9237889 0.9062544 0.8451846 0.8678963 0.8157549 0.8723157 0.8512070 0.8129745 0.8165057 0.8877417 0.8648275 0.8705925 1.2947021 0.1002774 0.0966136 0.1124367 0.0281116 0.0284770 0.2103411 0.0000000 0.0295728 1.4064502 1.5680366 1.1927434 1.1511938 
AF265335_Labyrinthula_zosterae       0.7754257 0.8171964 0.7285058 0.7413505 0.7500662 0.7223581 0.7766254 0.8307197 0.8530113 0.8166471 0.8291703 0.8149737 0.8494596 0.7991037 0.7988570 0.8140196 0.8134372 0.8931541 0.7325377 0.7595932 0.6946557 0.7632952 0.7717431 0.7835624 0.7304789 0.7324607 0.7889426 0.7297636 0.9817935 0.0696654 0.0674563 0.0787055 0.0089306 0.0094180 0.1635371 0.0295728 0.0000000 1.2855827 1.3572988 1.0951206 1.0561968 
AB275111_Labyrinthulomycetes_LAB1_sp 0.4778217 0.7171870 0.4856717 0.4971745 0.4834000 0.4885360 0.5351700 0.5396360 0.4567604 0.6530984 0.5883296 0.5847658 0.6032133 0.5757702 0.5290035 0.5464154 0.5653325 0.7292712 0.5135836 0.5092525 0.3947089 0.6114105 0.5673776 0.5956723 0.5929443 0.5941516 0.6543668 0.6137288 0.3869050 0.7931061 0.8060397 0.8170601 0.8315648 0.8356991 0.8382982 1.4064502 1.2855827 0.0000000 0.1047027 0.0875876 0.0833164 
GU823297_Labyrinthulomycetes_LAB1_sp 0.5329625 0.9729013 0.5316844 0.5447418 0.5282629 0.5360460 0.6233979 0.6172573 0.5427109 0.8654958 0.6280912 0.6227635 0.6422911 0.6159135 0.5676698 0.5917233 0.6106067 0.9763472 0.5558820 0.5638366 0.4066409 0.8991978 0.8188642 0.8872511 0.8667321 0.7866038 0.9841484 0.8555249 0.4025098 0.7160311 0.7523996 0.7771046 0.7248430 0.7521615 0.7928141 1.5680366 1.3572988 0.1047027 0.0000000 0.0520966 0.0482483 
FJ800640_Labyrinthulomycetes_LAB1_sp 0.4695092 0.7135827 0.4616456 0.4804590 0.4845316 0.4650894 0.5278045 0.5669084 0.4898863 0.6002661 0.5349542 0.5308872 0.5604292 0.5510401 0.4821032 0.5076561 0.4973118 0.6942624 0.4682065 0.4803596 0.3546365 0.5618180 0.5145035 0.5804627 0.5550609 0.5336693 0.5985227 0.5501676 0.4263883 0.7748906 0.7834040 0.7784258 0.8234931 0.8196867 0.8550575 1.1927434 1.0951206 0.0875876 0.0520966 0.0000000 0.0085462 
FJ800629_Labyrinthulomycetes_LAB1_sp 0.4442763 0.6710667 0.4530785 0.4714670 0.4754469 0.4564700 0.5187423 0.5570791 0.4684291 0.5874201 0.5249031 0.5208942 0.5493976 0.5398844 0.4807350 0.5062607 0.4959306 0.6921951 0.4525552 0.4642437 0.3355427 0.5291796 0.4830416 0.5433245 0.5211875 0.5013239 0.5611285 0.5161447 0.4027623 0.7569548 0.7589359 0.7597663 0.7931463 0.7882160 0.8347371 1.1511938 1.0561968 0.0833164 0.0482483 0.0085462 0.0000000 
